0.000000 10000
0.010000 10200
0.020000 10302
0.030000 10417
0.040000 10518
0.050000 10638
0.060000 10750
0.070000 10875
0.080000 11002
0.090000 11111
0.100000 11224
0.110000 11356
0.120000 11482
0.130000 11596
0.140000 11738
0.150000 11864
0.160000 12023
0.170000 12168
0.180000 12312
0.190000 12472
0.200000 12616
0.210000 12756
0.220000 12926
0.230000 13123
0.240000 13284
0.250000 13433
0.260000 13635
0.270000 13841
0.280000 14039
0.290000 14225
0.300000 14436
0.310000 14636
0.320000 14879
0.330000 15051
0.340000 15298
0.350000 15575
0.360000 15810
0.370000 16087
0.380000 16290
0.390000 16517
0.400000 16808
0.410000 17127
0.420000 17427
0.430000 17740
0.440000 18071
0.450000 18393
0.460000 18649
0.470000 19157
0.480000 19409
0.490000 19750
0.500000 20168
0.510000 20563
0.520000 21100
0.530000 21526
0.540000 21941
0.550000 22380
0.560000 22975
0.570000 23535
0.580000 23901
0.590000 24561
0.600000 25195
0.610000 25962
0.620000 26596
0.630000 27242
0.640000 28055
0.650000 28793
0.660000 29574
0.670000 30539
0.680000 31476
0.690000 32636
0.700000 33650
0.710000 34892
0.720000 35919
0.730000 37304
0.740000 38709
0.750000 40322
0.760000 42097
0.770000 43855
0.780000 45936
0.790000 48210
0.800000 50539
0.810000 53012
0.820000 55885
0.830000 59429
0.839999 63059
0.849999 67010
0.859999 72368
0.869999 77657
0.879999 84304
0.889999 91253
0.899999 100554
0.909999 111912
0.919999 126130
0.929999 143163
0.939999 168025
0.949999 201203
0.959999 251326
0.969999 336329
0.979999 503585
0.989999 1002691